0.860448
0.208383
0.238632
0.380585
0.287366
0.750523
0.318939
0.107370
0.806136
0.252058
0.503905
0.039851
0.624194
0.387442
0.308274
0.332050
0.931593
0.467990
0.000071
0.725781
0.399483
0.022924
0.637742
0.439352
0.591769
0.617985
0.454097
0.049085
0.719694
0.740093
0.404799
0.051413
0.948005
0.877387
0.827650
0.448637
0.884475
0.853718
0.647737
0.438744
0.506783
0.076023
0.362407
0.231091
0.860181
0.634390
0.731457
0.156355
0.949647
0.400423
0.611387
0.798489
0.686370
0.000048
0.502658
0.985620
0.007004
0.040929
0.103423
0.603407
0.046190
0.421872
0.355863
0.697670
0.362978
0.324555
0.677476
0.583252
0.240455
0.374867
0.204735
0.258642
0.847314
0.427041
0.656983
0.531272
0.937019
0.333422
0.360912
0.381558
0.746494
0.863929
0.022054
0.849524
0.807625
0.542783
0.433783
0.602437
0.335105
0.778107
0.096720
0.451955
0.761949
0.625833
0.001492
0.017172
0.456854
0.221564
0.371421
0.441232
0.060690
0.364042
0.376869
0.301240
0.918389
0.477351
0.180392
0.297038
0.829299
0.618124
0.663600
0.616203
0.261267
0.872499
0.005368
0.365255
0.591972
0.924839
0.458005
0.765517
0.424208
0.654962
0.764236
0.379644
0.454069
0.643802
0.735155
0.633822
0.782944
0.034487
0.100862
0.041741
0.160518
0.835003
0.559434
0.172022
0.938799
0.542159
0.830258
0.317444
0.232739
0.701994
0.519784
0.286146
0.027673
0.152803
0.783923
0.518752
0.416823
0.108548
0.631428
0.126734
0.580644
0.184500
0.494911
0.335441
0.206849
0.105166
0.153633
0.795200
0.873330
0.724371
0.003584
0.810415
0.245622
0.885937
0.839281
0.355567
0.315247
0.154186
0.388423
0.305440
0.821176
0.279882
0.851454
0.195285
0.355002
0.345976
0.585631
0.456251
0.038449
0.380016
0.546487
0.068258
0.213226
0.771898
0.630379
0.808721
0.021490
0.011757
0.398797
0.209696
0.587915
0.822722
0.749076
0.929145
0.524546
0.538645
0.667294
0.186873
0.871261
0.181325
0.699107
0.188910
0.199816
0.770966
0.529896
0.004715
0.955361
0.877279
0.872309
0.494025
0.531102
0.032261
0.750157
0.758352
0.583563
0.370117
0.492000
0.527182
0.448724
0.142401
0.652744
0.674670
0.749763
0.305926
0.804348
0.299967
0.274087
0.270485
0.763491
0.318575
0.357004
0.675482
0.033538
0.150023
0.421550
0.212894
0.760072
0.489764
0.643306
0.839647
0.207796
0.438348
0.732120
0.104752
0.444565
0.490553
0.694426
0.930808
0.155151
0.052681
0.608676
0.242941
0.558302
0.678501
0.466505
0.658405
0.808349
0.856439
0.710878
0.263334
0.296107
0.185845
0.599377
0.778297
0.095766
0.409976
0.631246
0.765313
0.515607
0.046789
0.440640
0.781269
0.991146
0.849279
0.059986
0.766725
0.724907
0.445586
0.754683
0.201431
0.323839
0.597079
0.977114
0.451428
0.496305
0.971656
0.763005
0.979765
0.202831
0.031669
0.158148
0.719703
0.777282
0.644958
0.338065
0.654652
0.045656
0.867485
0.102962
0.946969
0.379498
0.134521
0.312880
0.898684
0.780790
0.193041
0.173941
0.893316
0.770765
0.792117
0.213558
0.193373
0.646739
0.111287
0.505913
0.684922
0.157028
0.646313
0.373375
0.808372
0.909322
0.160690
0.737948
0.555696
0.187857
0.690014
0.299816
0.632268
0.235784
0.489343
0.758264
0.620207
0.247775
0.653208
0.330786
0.119203
0.656856
0.947320
0.841154
0.146388
0.687493
0.664213
0.510489
0.434722
0.383588
0.842294
0.250835
0.291480
0.560969
0.626664
0.449719
0.864425
0.953957
0.816527
0.720063
0.122042
0.082954
0.709365
0.839123
0.350551
0.905637
0.577891
0.051087
0.215654
0.146685
0.416301
0.877558
0.092959
0.929845
0.935838
0.265358
0.035679
0.466467
0.584380
0.726743
0.333494
0.063682
0.891637
0.828963
0.372950
0.765463
0.437401
0.518272
0.560189
0.245506
0.128305
0.610483
0.613568
0.234931
0.857610
0.115305
0.882515
0.388909
0.299822
0.752914
0.265170
0.525548
0.754687
0.229235
0.056386
0.827781
0.115814
0.541923
0.624684
0.000376
0.163615
0.009517
0.753001
0.703710
0.356341
0.670412
0.090995
0.822655
0.423220
0.101588
0.097589
0.106357
0.618699
0.200987
0.423198
0.809022
0.328916
0.273350
0.818829
0.206466
0.654567
0.576013
0.563713
0.314677
0.145664
0.130217
0.842667
0.474612
0.231697
0.781042
0.682424
0.161219
0.276025
0.141194
0.668743
0.658733
0.643806
0.186788
0.822098
0.613746
0.932222
0.661416
0.249203
0.046692
0.037141
0.718269
0.243418
0.145676
0.043955
0.808830
0.840724
0.229517
0.747839
0.281947
0.338252
0.329206
0.066634
0.077153
0.494832
0.376097
0.416587
0.619685
0.663530
0.635509
0.340202
0.744755
0.695506
0.586577
0.882742
0.957209
0.860079
0.320362
0.679703
0.663588
0.905633
0.685411
0.999125
0.499394
0.272900
0.693410
0.995013
0.210378
0.415731
0.162008
0.249722
0.393708
0.340167
0.928525
0.452724
0.526567
0.501154
0.810326
0.804838
0.117821
0.618350
0.772728
0.284838
0.269120
0.466116
0.371250
0.479241
0.438208
0.255226
0.141138
0.266172
0.348484
0.252522
0.017718
0.450747
0.904582
0.657065
0.143432
0.655098
0.258497
0.791265
0.727380
0.823119
0.936303
0.191172
0.526944
0.280610
0.408387
0.239853
0.357556
0.164321
0.002530
0.406658
0.279618
0.177276
0.585658
0.721518
0.721261
0.508586
0.325926
0.454838
0.296881
0.683027
0.924728
0.291746
0.475994
0.391544
0.318896
0.400186
0.877593
0.953160
0.004383
0.601428
0.785578
0.638507
0.117015
0.710513
0.097750
0.162612
0.584766
0.847565
0.230725
0.195988
0.037828
0.827547
0.028262
0.367239
0.174811
0.504073
0.495986
0.864881
0.571140
0.171016
0.908353
0.663638
0.502689
0.822085
0.287697
0.880965
0.531438
0.092594
0.483544
0.321797
0.543081
0.956704
0.367524
0.026461
0.739511
0.324885
0.665287
0.497846
0.857685
0.748632
0.397916
0.514114
0.583756
0.508244
0.733871
0.118998
0.728590
0.194130
0.454893
0.518616
0.149086
0.781940
0.165433
0.495224
0.259175
0.621759
0.457112
0.255456
0.534401
0.091621
0.561533
0.852200
0.727491
0.538698
0.671617
0.860683
0.551928
0.910683
0.556750
0.858338
0.452763
0.160616
0.237215
0.611743
0.433722
0.607155
0.236656
0.933525
0.703409
0.675635
0.393636
0.647504
0.449255
0.989972
0.093615
0.498364
0.468374
0.693682
0.941818
0.631512
0.617116
0.643529
0.151533
0.244668
0.550142
0.241308
0.504064
0.801252
0.663515
0.036773
0.208030
0.403123
0.918238
0.607991
0.218300
0.348916
0.267919
0.385386
0.878275
0.555025
0.324908
0.648536
0.610404
0.088963
0.366805
0.939952
0.922814
0.260857
0.264573
0.780331
0.401908
0.886456
0.452187
0.496989
0.372962
0.959744
0.381710
0.458086
0.717785
0.729951
0.336132
0.464298
0.377706
0.063950
0.982702
0.596293
0.450137
0.972011
0.688654
0.487983
0.357346
0.431488
0.206195
0.544850
0.957502
0.187005
0.770205
0.837381
0.908314
0.630663
0.593594
0.772603
0.273069
0.008238
0.268419
0.533855
0.225141
0.912491
0.112739
0.266342
0.479796
0.660934
0.835947
0.634713
0.806841
0.340386
0.572420
0.491711
0.801514
0.441051
0.048870
0.987460
0.749249
0.578645
0.334167
0.593352
0.901644
0.842945
0.868416
0.103637
0.787311
0.405961
0.306967
0.026520
0.710456
0.843628
0.049888
0.245631
0.950157
0.110080
0.957975
0.345386
0.880448
0.276030
0.714449
0.049716
0.107254
0.858991
0.424279
0.562526
0.732725
0.960883
0.059135
0.119566
0.130800
0.585268
0.802721
0.160171
0.525530
0.708592
0.990396
0.610435
0.291582
0.550880
0.540711
0.900516
0.070929
0.983752
0.905694
0.938993
0.671860
0.726554
0.093370
0.135473
0.810643
0.845293
0.102972
0.755897
0.321174
0.238238
0.839600
0.421444
0.659959
0.035779
0.740803
0.997567
0.384147
0.529257
0.784164
0.162201
0.901420
0.310288
0.679309
0.459185
0.664184
0.223812
0.682898
0.242329
0.543730
0.164230
0.906589
0.572722
0.845281
0.975702
0.796368
0.554124
0.873106
0.267553
0.941065
0.990263
0.917370
0.037202
0.585980
0.421007
0.045529
0.925214
0.751346
0.060399
0.722134
0.286332
0.964474
0.149331
0.597203
0.465169
0.411336
0.880489
0.224888
0.542962
0.947602
0.653341
0.034097
0.388856
0.873919
0.388312
0.746907
0.751267
0.741106
0.229778
0.923802
0.172041
0.830253
0.410845
0.770337
0.340022
0.891335
0.855426
0.131903
0.682366
0.149580
0.410368
0.549948
0.551803
0.772998
0.740750
0.907675
0.463715
0.400803
0.943901
0.095615
0.558748
0.317395
0.944771
0.618902
0.464386
0.879032
0.732685
0.589215
0.100644
0.021878
0.084297
0.455153
0.188319
0.075126
0.329067
0.227287
0.255095
0.337171
0.552447
0.968311
0.227230
0.400146
0.990771
0.462019
0.984530
0.498440
0.988004
0.538099
0.132896
0.339203
0.729008
0.415644
0.924721
0.070292
0.379396
0.565159
0.756592
0.733666
0.381245
0.904656
0.193021
0.890348
0.258176
0.413657
0.003279
0.545836
0.345007
0.645588
0.932185
0.587708
0.260603
0.899946
0.017246
0.227921
0.716858
0.099628
0.505957
0.717018
0.239581
0.412839
0.289440
0.151618
0.309802
0.633439
0.022592
0.624160
0.200189
0.397056
0.465831
0.798358
0.221004
0.382386
0.906787
0.123876
0.045057
0.689604
0.298121
0.996560
0.183932
0.555147
0.591298
0.499037
0.462560
0.152769
0.258559
0.722380
0.996347
0.555310
0.643679
0.680807
0.952810
0.366399
0.469222
0.128540
0.079807
0.544008
0.699077
0.672307
0.843507
0.598325
0.062401
0.737646
0.153585
0.085107
0.049007
0.080403
0.213290
0.388538
0.287982
0.149711
0.633817
0.113691
0.734481
0.890022
0.442910
0.408086
0.413853
0.878702
0.527216
0.127744
0.211536
0.168248
0.354724
0.364559
0.551677
0.131342
0.710388
0.354988
0.647080
0.425283
0.757335
0.242964
0.188444
0.152736
0.991214
0.974719
0.890903
0.922101
0.451303
0.201801
0.375567
0.743166
0.901101
0.860453
0.973289
0.151505
0.123158
0.193804
0.257629
0.728177
0.223366
0.597042
0.174089
0.575221
0.458983
0.882938
0.006502
0.367411
0.162737
0.076292
0.901151
0.427892
0.546477
0.087037
0.588896
0.407885
0.612578
0.040347
0.047968
0.457422
0.819527
0.698852
0.549945
0.200926
0.637987
0.045330
0.959291
0.720746
0.424304
0.515791
0.911281
0.749634
0.962075
0.757375
0.438088
0.455497
0.511583
0.233610
0.439687
0.144218
0.523388
0.403795
0.054964
0.364322
0.098576
0.609969
0.223401
0.580666
0.330510
0.746495
0.781607
0.119135
0.430989
0.145344
0.099509
0.513675
0.185055
0.725277
0.038609
0.175247
0.848634
0.829909
0.203962
0.487528
0.535436
0.195502
0.547216
0.914187
0.282773
0.951048
0.683168
0.617910
0.548732
0.777954
0.233193
0.116576
0.353428
0.099620
0.380837
0.977993
0.614111
0.575922
0.449713
0.445774
0.407442
0.898586
0.416342
0.680156
0.035956
0.178071
0.093909
0.125196
0.188529
0.465441
0.171773
0.521054
0.675291
0.868890
0.756937
0.984232
0.219840
0.172999
0.922728
0.898937
0.377197
0.137199
0.138624
0.142254
0.006772
0.807930
0.824806
0.914956
0.348943
0.456638
0.645615
0.673504
0.975907
0.613359
0.927750
0.928172
0.997718
0.268294
0.946144
0.112128
0.869964
0.109511
0.898298
0.635193
0.600994
0.468422
0.513905
0.544773
0.690247
0.563029
0.203873
0.375177
0.630856
0.515162
0.128802
0.829810
0.839441
0.323476
0.158390
0.857178
0.317448
0.269635
0.149294
0.860606
0.801220
0.262470
0.898853
0.125889
0.856531
0.824722
0.453873
0.128094
0.082199
0.174168
0.727455
0.486973
0.506925
0.919943
0.215467
0.135851
0.441895
0.222084
0.236069
0.275397
0.138119
0.176380
0.372320
0.986729
0.858851
0.733991
0.589775
0.238835
0.242430
0.018924
0.816261
0.712925
0.774855
0.295749
0.798322
0.508615
0.117903
0.876170
0.257508
0.205440
0.291950
0.290844
0.875444
0.160987
0.722810
0.805566
0.741832
0.792085
0.697821
0.778401
0.365185
0.909672
0.553157
0.856432
0.957511
0.805097
0.417961
0.602931
0.523061
0.608298
0.175605
0.518055
0.496826
0.846213
0.572806
0.176046
0.129696
0.657252
0.213118
0.445418
0.745189
0.665510
0.299396
0.772555
0.355395
0.090120
0.727179
0.716518
0.840717
0.081067
0.736509
0.083746
0.891691
0.888089
0.569339
0.847043
0.126624
0.204711
0.049470
0.692382
0.293286
0.747850
0.534739
0.327923
0.921022
0.828465
0.522990
0.122679
0.092340
0.672961
0.710431
0.980868
0.962349
0.402068
0.186915
0.389354
0.885119
0.595220
0.628196
0.960662
0.239762
0.318027
0.286204
0.918012
0.808547
0.977465
0.173099
0.805188
0.254282
0.364400
0.561876
0.288411
0.718680
0.328519
0.676989
0.833545
0.042501
0.964167
0.132197
0.136864
0.652430
0.330120
0.977635
0.663341
0.915637
0.144173
0.104044
0.939679
0.734526
0.023260
0.108073
0.107345
0.281817
0.862780
0.109755
0.574089
0.921953
0.978371
0.904401
0.050672
0.412456
0.311648
0.423227
0.914799
0.284658
0.574951
0.806544
0.718628
0.814285
0.901144
0.055391
0.860098
0.007755
0.717890
0.710901
0.175537
0.869655
0.156562
0.911964
0.233808
0.686059
0.639899
0.157594
0.289686
0.198522
0.931812
0.540734
0.952564
0.217463
0.645033
0.786224
0.400258
0.836795
0.163050
0.203313
0.343980
0.249130
0.345701
0.986380
0.623951
0.596264
0.577292
0.403034
0.545446
0.777425
0.470403
0.088387
0.933904
0.243525
0.043598
0.648696
0.733023
0.093224
0.785547
0.924824
0.564250
0.454247
0.793536
0.283779
0.992102
0.985979
0.536180
0.894398
0.235551
0.478506
0.907567
0.663745
0.435754
0.853989
0.396035
0.468605
0.449999
0.323984
0.870819
0.883295
0.343010
0.953921
0.309728
0.931514
0.161898
0.952939
0.878519
0.507171
0.018244
0.778155
0.359457
0.848549
0.433062
0.929264
0.605782
0.377580
0.721410
0.316173
0.949351
0.849746
0.775598
0.299517
0.872699
0.375083
0.798420
0.816787
0.999013
0.045089
0.236803
0.430906
0.847240
0.386435
0.122807
0.915262
0.182328
0.590777
0.812350
0.261161
0.985808
0.441257
0.225261
0.184719
0.698240
0.875195
0.768964
0.261435
0.985706
0.044184
0.344146
0.673185
0.056734
0.054571
0.564865
0.349984
0.650946
0.237028
0.626916
0.530038
0.514284
0.701628
0.373691
0.614033
0.307287
0.092897
0.662921
0.028575
0.384545
0.072052
0.291918
0.213160
0.721997
0.705025
0.715120
0.361223
0.546470
0.357832
0.940956
0.444792
0.110819
0.865122
0.035555
0.223264
0.137963
0.302575
0.254192
0.731184
0.637686
0.975245
0.331082
0.420691
0.480426
0.909834
0.572125
0.196595
0.424836
0.454418
0.951208
0.582946
0.391435
0.558078
0.986554
0.783623
0.088222
0.378498
0.769505
0.199408
0.353076
0.217679
0.003305
0.191625
0.450239
0.681829
0.468066
0.128376
0.803684
0.075973
0.123078
0.871057
0.685440
0.511908
0.616499
0.832547
0.010568
0.522007
0.383859
0.058756
0.714305
0.778116
0.716650
0.119850
0.323630
0.866184
0.675169
0.251084
0.239316
0.028475
0.263856
0.748558
0.430818
0.950183
0.084484
0.016428
0.614610
0.213516
0.753660
0.712053
0.406530
0.242931
0.529312
0.792373
0.771542
0.372952
0.436001
0.986685
0.896192
0.735465
0.220711
0.069136
0.088590
0.262430
0.151458
0.364140
0.681044
0.102128
0.887078
0.467242
0.534878
0.081118
0.138554
0.032083
0.273420
0.760617
0.938730
0.616045
0.015316
0.064294
0.667291
0.562792
0.236515
0.892676
0.461609
0.605184
0.314501
0.134871
0.928123
0.957911
0.989271
0.222674
0.367960
0.713168
0.029266
0.596404
0.347655
0.444995
0.146103
0.176703
0.582891
0.419112
0.302615
0.454971
0.403890
0.892284
0.420590
0.740937
0.267468
0.244247
0.165360
0.607166
0.615072
0.927510
0.958222
0.801808
0.612655
0.473289
